output 5d{0,0,0,0,0,0,0,0,0,0,0,0,0,0,0,0,0,0,0,1} named "1"
output 5d{0,0,0,0,0,0,0,0,0,0,0,0,0,0,0,0,0,0,1,1} named "2"
output 5d{0,0,0,0,0,0,0,0,0,0,0,0,0,0,0,0,0,1,1,1} named "3"
output 5d{0,0,0,0,0,0,0,0,0,0,0,0,0,0,0,0,1,1,1,1} named "4"
output 5d{0,0,0,0,0,0,0,0,0,0,0,0,0,0,0,1,1,1,1,1} named "5"
output 5d{0,0,0,0,0,0,0,0,0,0,0,0,0,0,1,1,1,1,1,1} named "6"
output 5d{0,0,0,0,0,0,0,0,0,0,0,0,0,1,1,1,1,1,1,1} named "7"
output 5d{0,0,0,0,0,0,0,0,0,0,0,0,1,1,1,1,1,1,1,1} named "8"
output 5d{0,0,0,0,0,0,0,0,0,0,0,1,1,1,1,1,1,1,1,1} named "9"
output 5d{0,0,0,0,0,0,0,0,0,0,1,1,1,1,1,1,1,1,1,1} named "10"
output 5d{0,0,0,0,0,0,0,0,0,1,1,1,1,1,1,1,1,1,1,1} named "11"
output 5d{0,0,0,0,0,0,0,0,1,1,1,1,1,1,1,1,1,1,1,1} named "12"
output 5d{0,0,0,0,0,0,0,1,1,1,1,1,1,1,1,1,1,1,1,1} named "13"
output 5d{0,0,0,0,0,0,1,1,1,1,1,1,1,1,1,1,1,1,1,1} named "14"
output 5d{0,0,0,0,0,1,1,1,1,1,1,1,1,1,1,1,1,1,1,1} named "15"
output 5d{0,0,0,0,1,1,1,1,1,1,1,1,1,1,1,1,1,1,1,1} named "16"
output 5d{0,0,0,1,1,1,1,1,1,1,1,1,1,1,1,1,1,1,1,1} named "17"
output 5d{0,0,1,1,1,1,1,1,1,1,1,1,1,1,1,1,1,1,1,1} named "18"
output 5d{0,1,1,1,1,1,1,1,1,1,1,1,1,1,1,1,1,1,1,1} named "19"