TWO_DICE_BASE: d{0, 3, 4, 5, 6, 7, 3, 4, 5, 6, 7, 8, 4, 5, 6, 7, 8, 9, 5, 6, 7, 8, 9, 10, 6, 7, 8, 9, 10, 11, 7, 8, 9, 10, 11, 12}

TWO_DICE_ONE_ZEAL: d{0, 0, 6, 7, 8, 9, 0, 0, 7, 8, 9, 10, 6, 7, 8, 9, 10, 11, 7, 8, 9, 10, 11, 12, 8, 9, 10, 11, 12, 13, 9, 10, 11, 12, 13, 14}

TWO_DICE_TWO_ZEAL: d{0, 0, 0, 10, 11, 12, 0, 0, 0, 11, 12, 13, 0, 0, 0, 12, 13, 14, 10, 11, 12, 13, 14, 15, 11, 12, 13, 14, 15, 16, 12, 13, 14, 15, 16, 17}

TWO_DICE_THREE_ZEAL: d{0, 0, 0, 0, 17, 18, 0, 0, 0, 0, 18, 19, 0, 0, 0, 0, 19, 20, 0, 0, 0, 0, 20, 21, 17, 18, 19, 20, 21, 22, 18, 19, 20, 21, 22, 23}

TWO_DICE_FOUR_ZEAL: d{0, 0, 0, 0, 0, 37, 0, 0, 0, 0, 0, 38, 0, 0, 0, 0, 0, 39, 0, 0, 0, 0, 0, 40, 0, 0, 0, 0, 0, 41, 37, 38, 39, 40, 41, 42}

THREE_DICE_BASE: d{0, 4, 5, 6, 7, 8, 4, 5, 6, 7, 8, 9, 5, 6, 7, 8, 9, 10, 6, 7, 8, 9, 10, 11, 7, 8, 9, 10, 11, 12, 8, 9, 10, 11, 12, 13, 4, 5, 6, 7, 8, 9, 5, 6, 7, 8, 9, 10, 6, 7, 8, 9, 10, 11, 7, 8, 9, 10, 11, 12, 8, 9, 10, 11, 12, 13, 9, 10, 11, 12, 13, 14, 5, 6, 7, 8, 9, 10, 6, 7, 8, 9, 10, 11, 7, 8, 9, 10, 11, 12, 8, 9, 10, 11, 12, 13, 9, 10, 11, 12, 13, 14, 10, 11, 12, 13, 14, 15, 6, 7, 8, 9, 10, 11, 7, 8, 9, 10, 11, 12, 8, 9, 10, 11, 12, 13, 9, 10, 11, 12, 13, 14, 10, 11, 12, 13, 14, 15, 11, 12, 13, 14, 15, 16, 7, 8, 9, 10, 11, 12, 8, 9, 10, 11, 12, 13, 9, 10, 11, 12, 13, 14, 10, 11, 12, 13, 14, 15, 11, 12, 13, 14, 15, 16, 12, 13, 14, 15, 16, 17, 8, 9, 10, 11, 12, 13, 9, 10, 11, 12, 13, 14, 10, 11, 12, 13, 14, 15, 11, 12, 13, 14, 15, 16, 12, 13, 14, 15, 16, 17, 13, 14, 15, 16, 17, 18}

THREE_DICE_ONE_ZEAL: d{0, 0, 7, 8, 9, 10, 0, 0, 8, 9, 10, 11, 7, 8, 9, 10, 11, 12, 8, 9, 10, 11, 12, 13, 9, 10, 11, 12, 13, 14, 10, 11, 12, 13, 14, 15, 0, 0, 8, 9, 10, 11, 0, 0, 9, 10, 11, 12, 8, 9, 10, 11, 12, 13, 9, 10, 11, 12, 13, 14, 10, 11, 12, 13, 14, 15, 11, 12, 13, 14, 15, 16, 7, 8, 9, 10, 11, 12, 8, 9, 10, 11, 12, 13, 9, 10, 11, 12, 13, 14, 10, 11, 12, 13, 14, 15, 11, 12, 13, 14, 15, 16, 12, 13, 14, 15, 16, 17, 8, 9, 10, 11, 12, 13, 9, 10, 11, 12, 13, 14, 10, 11, 12, 13, 14, 15, 11, 12, 13, 14, 15, 16, 12, 13, 14, 15, 16, 17, 13, 14, 15, 16, 17, 18, 9, 10, 11, 12, 13, 14, 10, 11, 12, 13, 14, 15, 11, 12, 13, 14, 15, 16, 12, 13, 14, 15, 16, 17, 13, 14, 15, 16, 17, 18, 14, 15, 16, 17, 18, 19, 10, 11, 12, 13, 14, 15, 11, 12, 13, 14, 15, 16, 12, 13, 14, 15, 16, 17, 13, 14, 15, 16, 17, 18, 14, 15, 16, 17, 18, 19, 15, 16, 17, 18, 19, 20}

THREE_DICE_TWO_ZEAL: d{0, 0, 0, 11, 12, 13, 0, 0, 0, 12, 13, 14, 0, 0, 0, 13, 14, 15, 11, 12, 13, 14, 15, 16, 12, 13, 14, 15, 16, 17, 13, 14, 15, 16, 17, 18, 0, 0, 0, 12, 13, 14, 0, 0, 0, 13, 14, 15, 0, 0, 0, 14, 15, 16, 12, 13, 14, 15, 16, 17, 13, 14, 15, 16, 17, 18, 14, 15, 16, 17, 18, 19, 0, 0, 0, 13, 14, 15, 0, 0, 0, 14, 15, 16, 0, 0, 0, 15, 16, 17, 13, 14, 15, 16, 17, 18, 14, 15, 16, 17, 18, 19, 15, 16, 17, 18, 19, 20, 11, 12, 13, 14, 15, 16, 12, 13, 14, 15, 16, 17, 13, 14, 15, 16, 17, 18, 14, 15, 16, 17, 18, 19, 15, 16, 17, 18, 19, 20, 16, 17, 18, 19, 20, 21, 12, 13, 14, 15, 16, 17, 13, 14, 15, 16, 17, 18, 14, 15, 16, 17, 18, 19, 15, 16, 17, 18, 19, 20, 16, 17, 18, 19, 20, 21, 17, 18, 19, 20, 21, 22, 13, 14, 15, 16, 17, 18, 14, 15, 16, 17, 18, 19, 15, 16, 17, 18, 19, 20, 16, 17, 18, 19, 20, 21, 17, 18, 19, 20, 21, 22, 18, 19, 20, 21, 22, 23}

THREE_DICE_THREE_ZEAL: d{0, 0, 0, 0, 18, 19, 0, 0, 0, 0, 19, 20, 0, 0, 0, 0, 20, 21, 0, 0, 0, 0, 21, 22, 18, 19, 20, 21, 22, 23, 19, 20, 21, 22, 23, 24, 0, 0, 0, 0, 19, 20, 0, 0, 0, 0, 20, 21, 0, 0, 0, 0, 21, 22, 0, 0, 0, 0, 22, 23, 19, 20, 21, 22, 23, 24, 20, 21, 22, 23, 24, 25, 0, 0, 0, 0, 20, 21, 0, 0, 0, 0, 21, 22, 0, 0, 0, 0, 22, 23, 0, 0, 0, 0, 23, 24, 20, 21, 22, 23, 24, 25, 21, 22, 23, 24, 25, 26, 0, 0, 0, 0, 21, 22, 0, 0, 0, 0, 22, 23, 0, 0, 0, 0, 23, 24, 0, 0, 0, 0, 24, 25, 21, 22, 23, 24, 25, 26, 22, 23, 24, 25, 26, 27, 18, 19, 20, 21, 22, 23, 19, 20, 21, 22, 23, 24, 20, 21, 22, 23, 24, 25, 21, 22, 23, 24, 25, 26, 22, 23, 24, 25, 26, 27, 23, 24, 25, 26, 27, 28, 19, 20, 21, 22, 23, 24, 20, 21, 22, 23, 24, 25, 21, 22, 23, 24, 25, 26, 22, 23, 24, 25, 26, 27, 23, 24, 25, 26, 27, 28, 24, 25, 26, 27, 28, 29}

THREE_DICE_FOUR_ZEAL: d{0, 0, 0, 0, 0, 38, 0, 0, 0, 0, 0, 39, 0, 0, 0, 0, 0, 40, 0, 0, 0, 0, 0, 41, 0, 0, 0, 0, 0, 42, 38, 39, 40, 41, 42, 43, 0, 0, 0, 0, 0, 39, 0, 0, 0, 0, 0, 40, 0, 0, 0, 0, 0, 41, 0, 0, 0, 0, 0, 42, 0, 0, 0, 0, 0, 43, 39, 40, 41, 42, 43, 44, 0, 0, 0, 0, 0, 40, 0, 0, 0, 0, 0, 41, 0, 0, 0, 0, 0, 42, 0, 0, 0, 0, 0, 43, 0, 0, 0, 0, 0, 44, 40, 41, 42, 43, 44, 45, 0, 0, 0, 0, 0, 41, 0, 0, 0, 0, 0, 42, 0, 0, 0, 0, 0, 43, 0, 0, 0, 0, 0, 44, 0, 0, 0, 0, 0, 45, 41, 42, 43, 44, 45, 46, 0, 0, 0, 0, 0, 42, 0, 0, 0, 0, 0, 43, 0, 0, 0, 0, 0, 44, 0, 0, 0, 0, 0, 45, 0, 0, 0, 0, 0, 46, 42, 43, 44, 45, 46, 47, 38, 39, 40, 41, 42, 43, 39, 40, 41, 42, 43, 44, 40, 41, 42, 43, 44, 45, 41, 42, 43, 44, 45, 46, 42, 43, 44, 45, 46, 47, 43, 44, 45, 46, 47, 48}

output TWO_DICE_BASE named "2d6 Z0"
output 2d{1,2,3,4,5,7} named"2d6 Z-1"
output TWO_DICE_ONE_ZEAL named "2d6 Z1"
output 2d{1,2,3,4,5,8} named"2d6 Z-2"
output TWO_DICE_TWO_ZEAL named "2d6 Z2"
output 2d{1,2,3,4,5,10} named"2d6 Z-3"
output TWO_DICE_THREE_ZEAL named "2d6 Z3"
output 2d{1,2,3,4,5,14} named"2d6 Z-4"
output TWO_DICE_FOUR_ZEAL named "2d6 Z4"

output 0 named ""

output THREE_DICE_BASE named "3d6 Z0"
output 3d{1,2,3,4,5,7} named"3d6 Z-1"
output THREE_DICE_ONE_ZEAL named "3d6 Z1"
output 3d{1,2,3,4,5,8} named"3d6 Z-2"
output THREE_DICE_TWO_ZEAL named "3d6 Z2"
output 3d{1,2,3,4,5,10} named"3d6 Z-3"
output THREE_DICE_THREE_ZEAL named "3d6 Z3"
output 3d{1,2,3,4,5,14} named"3d6 Z-4"
output THREE_DICE_FOUR_ZEAL named "3d6 Z4"