A:0
B:0

output ([highest 1 of (1+B)d{-2,-2,-2,-2,-2,-1,-1,-1,-1,-1,-1,-1,-1,-1,-2,-2,-2,-2,-1,-1,-1,-1,-1,-1,-1,-1,-1,-1,-1,-1,-1,-1,-1,-1,-1,-1,-1,-1,-1,-1,-1,-1,-1,-1,-1,-1,-1,-1,-1,2,2,2,2,2}]) named "A -2"

output ([highest 1 of (1+B)d{-2,-2,-2,-2,-2,-1,-1,-1,-1,-1,-1,-1,-1,-1,-2,-2,-2,-2,-1,-1,-1,-1,-1,-1,-1,-1,-1,-1,-1,-1,-1,-1,-1,-1,-1,-1,2,2,2,2,1,1,1,1,1,1,1,1,1,2,2,2,2,2}]) named "A -1"

output ([highest 1 of (1+B)d{-2,-2,-2,-2,-2,-1,-1,-1,-1,-1,-1,-1,-1,-1,-2,-2,-2,-2,-1,-1,-1,-1,-1,-1,-1,-1,-1,1,1,1,1,1,1,1,1,1,2,2,2,2,1,1,1,1,1,1,1,1,1,2,2,2,2,2}]) named "A0 3ECO"

output ([highest 1 of (1+B)d{-2,-2,-2,-2,-2,-1,-1,-1,-1,-1,-1,-1,-1,-1,-2,-2,-2,-2,2,2,2,2,2,2,2,2,2,1,1,1,1,1,1,1,1,1,2,2,2,2,1,1,1,1,1,1,1,1,1,2,2,2,2,2}]) named "A1 3ECO"

output ([highest 1 of (1+B)d{-2,-2,-2,-2,-2,2,2,2,2,2,2,2,2,2,-2,-2,-2,-2,2,2,2,2,2,2,2,2,2,1,1,1,1,1,1,1,1,1,2,2,2,2,1,1,1,1,1,1,1,1,1,2,2,2,2,2}]) named "A2 3ECO"

output ([highest 1 of (1+B)d{-6,-6,-6,-6,-6,-2,-2,-2,-2,-2,-2,-2,-2,-2,-3,-3,-3,-3,-1,-1,-1,-1,-1,-1,-1,-1,-1,1,1,1,1,1,1,1,1,1,3,3,3,3,2,2,2,2,2,2,2,2,2,6,6,6,6,6}]+A+3)/3



output ([highest 1 of (1+B)d{-3,-3,-3,-3,-3,-3,-3,-3,-3,-3,-3,-3,-3,-3,-1,-1,-1,-1,-1,-1,-1,-1,-1,-1,-1,-1,-1,1,1,1,1,1,1,1,1,1,1,1,1,1,3,3,3,3,3,3,3,3,3,3,3,3,3,3}]+A+9)/10


output ([highest 1 of (1+B)d{-4,-4,-4,-4,-4,-2,-2,-2,-2,-2,-2,-2,-2,-2,-3,-3,-3,-3,-1,-1,-1,-1,-1,-1,-1,-1,-1,1,1,1,1,1,1,1,1,1,3,3,3,3,2,2,2,2,2,2,2,2,2,4,4,4,4,4}]+A+10)/10




output 4d{0,0,0,0,0,0,0,0,0,1,1,1,1,0,0,0,0,0,0,0,0,0,1,1,1,1,2}