function: reroll ROLLEDVALUE:n {
 if ROLLEDVALUE = 0 { result: 1d{2,2,2,1,1,1,1,1,1,1,0,0,0,0,0,0,0,0,0,0} }
 result: ROLLEDVALUE
}

output 1d{2,2,2,1,1,1,1,1,1,1,0,0,0,0,0,0,0,0,0,0} named "1 d20 Die"
output [reroll 1d{2,2,2,1,1,1,1,1,1,1,0,0,0,0,0,0,0,0,0,0}] named "reroll 1"
output 2d{2,2,2,1,1,1,1,1,1,1,0,0,0,0,0,0,0,0,0,0} named "2 d20 Dice"
output 1d{2,2,2,1,1,1,1,1,1,1,0,0,0,0,0,0,0,0,0,0}+[reroll 1d{2,2,2,1,1,1,1,1,1,1,0,0,0,0,0,0,0,0,0,0}] named "2 d20 reroll 1"
output [reroll 1d{2,2,2,1,1,1,1,1,1,1,0,0,0,0,0,0,0,0,0,0}]+[reroll 1d{2,2,2,1,1,1,1,1,1,1,0,0,0,0,0,0,0,0,0,0}] named "2 d20 reroll 2"
output 3d{2,2,2,1,1,1,1,1,1,1,0,0,0,0,0,0,0,0,0,0} named "3 d20 Dice"
output 2d{2,2,2,1,1,1,1,1,1,1,0,0,0,0,0,0,0,0,0,0}+[reroll 1d{2,2,2,1,1,1,1,1,1,1,0,0,0,0,0,0,0,0,0,0}] named "3 d20 reroll 1"
output 1d{2,2,2,1,1,1,1,1,1,1,0,0,0,0,0,0,0,0,0,0} + [reroll 1d{2,2,2,1,1,1,1,1,1,1,0,0,0,0,0,0,0,0,0,0}]+[reroll 1d{2,2,2,1,1,1,1,1,1,1,0,0,0,0,0,0,0,0,0,0}] named "3 d20 reroll 2"
output 4d{2,2,2,1,1,1,1,1,1,1,0,0,0,0,0,0,0,0,0,0} named "4 d20 Dice"