
output d{2,2,3,4,5,6,2,2,2,2,2,2,3,3,3,3,3,3,4,4,4,4,4,4,5,5,5,5,5,5,6,6,6,6,6,6}+2d{2,2,3,4,5,6,7,8,9,10,2,2,2,2,2,2,2,2,2,2,3,3,3,3,3,3,3,3,3,3,4,4,4,4,4,4,4,4,4,4,5,5,5,5,5,5,5,5,5,5,6,6,6,6,6,6,6,6,6,6,7,7,7,7,7,7,7,7,7,7,8,8,8,8,8,8,8,8,8,8,9,9,9,9,9,9,9,9,9,9,10,10,10,10,10,10,10,10,10,10}+4 named "Xarros Firebolt"

output 2d10 named "Normal Firebolt"

output 3d{2,2,3,4,5,6,7,8,2,2,2,2,2,2,2,2,3,3,3,3,3,3,3,3,4,4,4,4,4,4,4,4,5,5,5,5,5,5,5,5,6,6,6,6,6,6,6,6,7,7,7,7,7,7,7,7,8,8,8,8,8,8,8,8}+4 named "Xarros Chromatic Orb"

output 3d8 named "Normal Chromatic Orb"

output 9d{2,2,3,4,5,6,2,2,2,2,2,2,3,3,3,3,3,3,4,4,4,4,4,4,5,5,5,5,5,5,6,6,6,6,6,6}+4 named "Xarros Fireball"

output 8d6 named "normal Fireball"