
output 2d10 named "base firebolt 2"

output 4d10 named "base firebolt 4"
output 2d{2,2,3,4,5,6,7,8,9,10,2,2,2,2,2,2,2,2,2,2,3,3,3,3,3,3,3,3,3,3,4,4,4,4,4,4,4,4,4,4,5,5,5,5,5,5,5,5,5,5,6,6,6,6,6,6,6,6,6,6,7,7,7,7,7,7,7,7,7,7,8,8,8,8,8,8,8,8,8,8,9,9,9,9,9,9,9,9,9,9,10,10,10,10,10,10,10,10,10,10}+d{2,2,3,4,5,6,2,2,2,2,2,2,3,3,3,3,3,3,4,4,4,4,4,4,5,5,5,5,5,5,6,6,6,6,6,6}+5 named "Xarros Firebolt 2"
output 4d{2,2,3,4,5,6,7,8,9,10,2,2,2,2,2,2,2,2,2,2,3,3,3,3,3,3,3,3,3,3,4,4,4,4,4,4,4,4,4,4,5,5,5,5,5,5,5,5,5,5,6,6,6,6,6,6,6,6,6,6,7,7,7,7,7,7,7,7,7,7,8,8,8,8,8,8,8,8,8,8,9,9,9,9,9,9,9,9,9,9,10,10,10,10,10,10,10,10,10,10}+d{2,2,3,4,5,6,2,2,2,2,2,2,3,3,3,3,3,3,4,4,4,4,4,4,5,5,5,5,5,5,6,6,6,6,6,6}+5 named "Xarros Firebolt 4"
output 4d{2,2,3,4,5,6,7,8,9,10,2,2,2,2,2,2,2,2,2,2,3,3,3,3,3,3,3,3,3,3,4,4,4,4,4,4,4,4,4,4,5,5,5,5,5,5,5,5,5,5,6,6,6,6,6,6,6,6,6,6,7,7,7,7,7,7,7,7,7,7,8,8,8,8,8,8,8,8,8,8,9,9,9,9,9,9,9,9,9,9,10,10,10,10,10,10,10,10,10,10}+2d{2,2,3,4,5,6,2,2,2,2,2,2,3,3,3,3,3,3,4,4,4,4,4,4,5,5,5,5,5,5,6,6,6,6,6,6}+10 named "Xarros Firebolt 2 twinned"
output 8d{2,2,3,4,5,6,7,8,9,10,2,2,2,2,2,2,2,2,2,2,3,3,3,3,3,3,3,3,3,3,4,4,4,4,4,4,4,4,4,4,5,5,5,5,5,5,5,5,5,5,6,6,6,6,6,6,6,6,6,6,7,7,7,7,7,7,7,7,7,7,8,8,8,8,8,8,8,8,8,8,9,9,9,9,9,9,9,9,9,9,10,10,10,10,10,10,10,10,10,10}+2d{2,2,3,4,5,6,2,2,2,2,2,2,3,3,3,3,3,3,4,4,4,4,4,4,5,5,5,5,5,5,6,6,6,6,6,6}+10 named "Xarros Firebolt 4 twinned"



output 2d10+10 named "agonizing blast 2"
output 2d10+20 named "agonizing blast + hexblade 2"
output 2d10+2d6+20 named "agonizing blast + hexblade + hex 2"

output 4d10+20 named "agonizing blast 4"
output 4d10+40 named "agonizing blast + hexblade 4"
output 4d10+4d6+40 named "agonizing blast + hexblade + hex 4"