X: 4

output Xd{0,0,0,0,0,0,0,0,0,0,0,1}
output Xd{0,0,0,0,0,0,0,0,0,0,1,1}
output Xd{0,0,0,0,0,0,0,0,0,1,1,1}
output Xd{0,0,0,0,0,0,0,0,1,1,1,1}
output Xd{0,0,0,0,0,0,0,1,1,1,1,1}
output Xd{0,0,0,0,0,0,1,1,1,1,1,1}
output Xd{0,0,0,0,0,1,1,1,1,1,1,1}
output Xd{0,0,0,0,1,1,1,1,1,1,1,1}
output Xd{0,0,0,1,1,1,1,1,1,1,1,1}
output Xd{0,0,1,1,1,1,1,1,1,1,1,1}
output Xd{0,1,1,1,1,1,1,1,1,1,1,1}
output Xd{1,1,1,1,1,1,1,1,1,1,1,1}

X: 5

output Xd{0,0,0,0,0,0,0,0,0,0,0,1}
output Xd{0,0,0,0,0,0,0,0,0,0,1,1}
output Xd{0,0,0,0,0,0,0,0,0,1,1,1}
output Xd{0,0,0,0,0,0,0,0,1,1,1,1}
output Xd{0,0,0,0,0,0,0,1,1,1,1,1}
output Xd{0,0,0,0,0,0,1,1,1,1,1,1}
output Xd{0,0,0,0,0,1,1,1,1,1,1,1}
output Xd{0,0,0,0,1,1,1,1,1,1,1,1}
output Xd{0,0,0,1,1,1,1,1,1,1,1,1}
output Xd{0,0,1,1,1,1,1,1,1,1,1,1}
output Xd{0,1,1,1,1,1,1,1,1,1,1,1}
output Xd{1,1,1,1,1,1,1,1,1,1,1,1}

X: 6

output Xd{0,0,0,0,0,0,0,0,0,0,0,1}
output Xd{0,0,0,0,0,0,0,0,0,0,1,1}
output Xd{0,0,0,0,0,0,0,0,0,1,1,1}
output Xd{0,0,0,0,0,0,0,0,1,1,1,1}
output Xd{0,0,0,0,0,0,0,1,1,1,1,1}
output Xd{0,0,0,0,0,0,1,1,1,1,1,1}
output Xd{0,0,0,0,0,1,1,1,1,1,1,1}
output Xd{0,0,0,0,1,1,1,1,1,1,1,1}
output Xd{0,0,0,1,1,1,1,1,1,1,1,1}
output Xd{0,0,1,1,1,1,1,1,1,1,1,1}
output Xd{0,1,1,1,1,1,1,1,1,1,1,1}
output Xd{1,1,1,1,1,1,1,1,1,1,1,1}

X: 7

output Xd{0,0,0,0,0,0,0,0,0,0,0,1}
output Xd{0,0,0,0,0,0,0,0,0,0,1,1}
output Xd{0,0,0,0,0,0,0,0,0,1,1,1}
output Xd{0,0,0,0,0,0,0,0,1,1,1,1}
output Xd{0,0,0,0,0,0,0,1,1,1,1,1}
output Xd{0,0,0,0,0,0,1,1,1,1,1,1}
output Xd{0,0,0,0,0,1,1,1,1,1,1,1}
output Xd{0,0,0,0,1,1,1,1,1,1,1,1}
output Xd{0,0,0,1,1,1,1,1,1,1,1,1}
output Xd{0,0,1,1,1,1,1,1,1,1,1,1}
output Xd{0,1,1,1,1,1,1,1,1,1,1,1}
output Xd{1,1,1,1,1,1,1,1,1,1,1,1}

X: 8

output Xd{0,0,0,0,0,0,0,0,0,0,0,1}
output Xd{0,0,0,0,0,0,0,0,0,0,1,1}
output Xd{0,0,0,0,0,0,0,0,0,1,1,1}
output Xd{0,0,0,0,0,0,0,0,1,1,1,1}
output Xd{0,0,0,0,0,0,0,1,1,1,1,1}
output Xd{0,0,0,0,0,0,1,1,1,1,1,1}
output Xd{0,0,0,0,0,1,1,1,1,1,1,1}
output Xd{0,0,0,0,1,1,1,1,1,1,1,1}
output Xd{0,0,0,1,1,1,1,1,1,1,1,1}
output Xd{0,0,1,1,1,1,1,1,1,1,1,1}
output Xd{0,1,1,1,1,1,1,1,1,1,1,1}
output Xd{1,1,1,1,1,1,1,1,1,1,1,1}