output 21d{0,1,1,1,1,1,1,1,1,1,1,1,1,1,1,1,1,1,1,1,1,1,1,1,1,1,1,1,1,1,1,1,1,1,1,1}d{0,0,1,1,1,1,0,0,1,1,1,1,1,1,1,1,1,1,1,1,1,1,1,1,1,1,1,1,1,1,1,1,1,1,1,1} named "Secutors into AV 10"

output 21d{0,1,1,1,1,1,1,1,1,1,1,1,1,1,1,1,1,1,1,1,1,1,1,1,1,1,1,1,1,1,1,1,1,1,1,1}d{0,0,0,1,1,1,0,0,0,1,1,1,0,0,0,1,1,1,1,1,1,1,1,1,1,1,1,1,1,1,1,1,1,1,1,1} named "Secutors into AV 11"

output 21d{0,1,1,1,1,1,1,1,1,1,1,1,1,1,1,1,1,1,1,1,1,1,1,1,1,1,1,1,1,1,1,1,1,1,1,1}d{0,0,0,0,1,1,0,0,0,0,1,1,0,0,0,0,1,1,0,0,0,0,1,1,1,1,1,1,1,1,1,1,1,1,1,1} named "Secutors into AV 12"

output 21d{0,1,1,1,1,1,1,1,1,1,1,1,1,1,1,1,1,1,1,1,1,1,1,1,1,1,1,1,1,1,1,1,1,1,1,1}d{0,0,0,0,0,1,0,0,0,0,0,1,0,0,0,0,0,1,0,0,0,0,0,1,0,0,0,0,0,1,1,1,1,1,1,1} named "Secutors into AV 13"

output 21d{0,1,1,1,1,1,1,1,1,1,1,1,1,1,1,1,1,1,1,1,1,1,1,1,1,1,1,1,1,1,1,1,1,1,1,1}d{0} named "Secutors into AV 14"

output 21d{0,1,1,1,1,1,1,1,1,1,1,1,1,1,1,1,1,1,1,1,1,1,1,1,1,1,1,1,1,1,1,1,1,1,1,1}d{0} named "Secutors into AV 15"

output 20d{0,1,1,1,1,1}d{0,0,0,0,0,0,0,0,0,0,0,0,1,1,1,1,1,1}+4d{0,1,1,1,1,1}d{1} named "Deliverers into AV 10"

output 20d{0,1,1,1,1,1}d{0,0,0,0,0,0,0,0,0,0,0,0,0,1,1,1,1,1}+4d{0,1,1,1,1,1}d{0,1,1,1,1,1,1,1,1,1,1,1,1,1,1,1,1,1,1,1,1,1,1,1,1,1,1,1,1,1,1,1,1,1,1,1} named "Deliverers into AV 11"

output 20d{0,1,1,1,1,1}d{0,0,0,0,0,0,0,0,0,0,0,0,0,0,1,0,1,1}+4d{0,0,1,1,1,1,0,1,1,1,1,1,1,1,1,1,1,1,1,1,1,1,1,1,1,1,1,1,1,1,1,1,1,1,1,1}d{1} named "Deliverers into AV 12"

output 20d{0,1,1,1,1,1}d{0,0,0,0,0,0,0,0,0,0,0,0,0,0,0,0,0,1}+4d{0,1,1,1,1,1}d{0,0,0,1,1,1,0,0,1,1,1,1,0,1,1,1,1,1,1,1,1,1,1,1,1,1,1,1,1,1,1,1,1,1,1,1} named "Deliverers into AV 13"

output 20d{0,1,1,1,1,1}d{0}+4d{0,1,1,1,1,1}d{0,0,0,0,1,1,0,0,0,1,1,1,0,0,1,1,1,1,0,1,1,1,1,1,1,1,1,1,1,1,1,1,1,1,1,1} named "Deliverers into AV 14"

output 20d{0,1,1,1,1,1}d{0}+4d{0,1,1,1,1,1}d{0,0,0,0,0,1,0,0,0,0,1,1,0,0,0,1,1,1,0,0,1,1,1,1,0,1,1,1,1,1,1,1,1,1,1,1} named "Deliverers into AV 15"