output 1d{-1,-1,0,0,0,0,1,1,1,1}<0
output 2d{-1,-1,0,0,0,0,1,1,1,1}<0
output 3d{-1,-1,0,0,0,0,1,1,1,1}<0
output 4d{-1,-1,0,0,0,0,1,1,1,1}<0
output 5d{-1,-1,0,0,0,0,1,1,1,1}<0
output 6d{-1,-1,0,0,0,0,1,1,1,1}<0
output 7d{-1,-1,0,0,0,0,1,1,1,1}<0
output 8d{-1,-1,0,0,0,0,1,1,1,1}<0
output 9d{-1,-1,0,0,0,0,1,1,1,1}<0
output 10d{-1,-1,0,0,0,0,1,1,1,1}<0
output 11d{-1,-1,0,0,0,0,1,1,1,1}<0
output 12d{-1,-1,0,0,0,0,1,1,1,1}<0
output 13d{-1,-1,0,0,0,0,1,1,1,1}<0
output 14d{-1,-1,0,0,0,0,1,1,1,1}<0
output 15d{-1,-1,0,0,0,0,1,1,1,1}<0
output 16d{-1,-1,0,0,0,0,1,1,1,1}<0
output 17d{-1,-1,0,0,0,0,1,1,1,1}<0
output 18d{-1,-1,0,0,0,0,1,1,1,1}<0
output 19d{-1,-1,0,0,0,0,1,1,1,1}<0
output 20d{-1,-1,0,0,0,0,1,1,1,1}<0
