output 1d{2,3,3,4,4,4,5,5,5,5,6,6,6,6,6,7,7,7,7,7,7,8,8,8,8,8,9,9,9,9,10,10,10,11,11,12}

output 1d{0,0,0,0,0,0,0,0,0,0,1,1,1,1,1,0,0,0,0,0,0,0,0,0,0,0,0,0,0,0,0,0,0,2,2,2} named "Skill of 1 on 7"
output 1d{0,0,0,0,0,0,0,0,0,0,1,1,1,1,1,0,0,0,0,0,0,0,0,0,0,0,0,0,0,0,2,2,2,2,2,2} named "Skill of 2 on 7"
output 1d{0,0,0,0,0,0,1,1,1,1,1,1,1,1,1,0,0,0,0,0,0,0,0,0,0,0,2,2,2,2,2,2,2,2,2,2} named "Skill of 3 on 7"
output 1d{0,1,1,1,1,1,1,1,1,1,1,1,1,1,1,0,0,0,0,0,0,2,2,2,2,2,2,2,2,2,2,2,2,2,2,2} named "Skill of 4 on 7"
output 1d{1,1,1,1,1,1,1,1,1,1,1,1,1,1,1,2,2,2,2,2,2,2,2,2,2,2,2,2,2,2,2,2,2,2,2,2} named "Skill of 5 on 7"

output 1d{0,0,0,0,0,0,0,0,0,0,0,0,0,0,0,1,1,1,1,1,1,0,0,0,0,0,0,0,0,0,0,0,0,2,2,2} named "Skill of 1 on 8"
output 1d{0,0,0,0,0,0,0,0,0,0,1,1,1,1,1,1,1,1,1,1,1,0,0,0,0,0,0,0,0,0,2,2,2,2,2,2} named "Skill of 2 on 8"
output 1d{0,0,0,0,0,0,1,1,1,1,1,1,1,1,1,1,1,1,1,1,1,0,0,0,0,0,2,2,2,2,2,2,2,2,2,2} named "Skill of 3 on 8"
output 1d{0,0,0,1,1,1,1,1,1,1,1,1,1,1,1,1,1,1,1,1,1,2,2,2,2,2,2,2,2,2,2,2,2,2,2,2} named "Skill of 4 on 8"
output 1d{0,1,1,1,1,1,1,1,1,1,1,1,1,1,1,2,2,2,2,2,2,2,2,2,2,2,2,2,2,2,2,2,2,2,2,2} named "Skill of 5 on 8"

output 1d{0,0,0,0,0,0,0,0,0,0,0,0,0,0,0,0,0,0,0,0,0,1,1,1,1,1,0,0,0,0,0,0,0,2,2,2} named "Skill of 1 on 9"
output 1d{0,0,0,0,0,0,0,0,0,0,0,0,0,0,0,1,1,1,1,1,1,1,1,1,1,1,0,0,0,0,2,2,2,2,2,2} named "Skill of 2 on 9"
output 1d{0,0,0,0,0,0,0,0,0,0,1,1,1,1,1,1,1,1,1,1,1,1,1,1,1,1,2,2,2,2,2,2,2,2,2,2} named "Skill of 3 on 9"
output 1d{0,0,0,0,0,0,1,1,1,1,1,1,1,1,1,1,1,1,1,1,1,2,2,2,2,2,2,2,2,2,2,2,2,2,2,2} named "Skill of 4 on 9"
output 1d{0,0,0,1,1,1,1,1,1,1,1,1,1,1,1,2,2,2,2,2,2,2,2,2,2,2,2,2,2,2,2,2,2,2,2,2} named "Skill of 5 on 9"