output 
1d{0,0,0,0,1,1,1,2,1,1,1,2}+
1d{0,0,0,0,-1,-1,-1,-2,-1,-1,-1,-2}+
1d{0,0,0,0,2,-2,1,1,1,-1,-1,-1}

output 
2d{0,0,0,0,1,1,1,2,1,1,1,2}+
1d{0,0,0,0,-1,-1,-1,-2,-1,-1,-1,-2}+
1d{0,0,0,0,2,-2,1,1,1,-1,-1,-1}

output 
3d{0,0,0,0,1,1,1,2,1,1,1,2}+
1d{0,0,0,0,-1,-1,-1,-2,-1,-1,-1,-2}+
1d{0,0,0,0,2,-2,1,1,1,-1,-1,-1}


output 
4d{0,0,0,0,1,1,1,2,1,1,1,2}+
1d{0,0,0,0,-1,-1,-1,-2,-1,-1,-1,-2}+
1d{0,0,0,0,2,-2,1,1,1,-1,-1,-1}


output 
5d{0,0,0,0,1,1,1,2,1,1,1,2}+
1d{0,0,0,0,-1,-1,-1,-2,-1,-1,-1,-2}+
1d{0,0,0,0,2,-2,1,1,1,-1,-1,-1}

