output d{1,1,1,1,1,2,3,4,4,4,5,5,5,5,5,5}+d{0,0,0,1,1,1,2,2,2,2,3,3,3,3,3,3}
output d{1,1,1,1,2,3,3,4,4,4,5,5,5,5,5,5}+d{0,0,0,1,1,1,2,2,2,3,3,3,3,3,3,3}
output d{1,1,1,1,1,3,3,4,4,4,5,5,5,5,5,5}+d{0,0,0,1,1,1,2,2,2,3,3,3,3,3,3,3}
output d{1,1,1,1,1,2,3,4,4,4,5,5,5,5,5,5}+d{0,0,0,1,1,1,2,2,2,3,3,3,3,3,3,3}
output d{1,1,1,2,2,3,3,4,4,5,5,5,5,5,5,5}+d{0,0,0,0,0,1,1,2,2,2,3,3,3,3,3,3}
output d{1,1,2,2,3,3,3,4,4,4,5,5,5,5,5,5}+d{0,0,1,1,1,2,2,2,3,3,3,3,3,3,3,3}
output d{1,1,1,2,2,3,3,4,4,4,5,5,5,5,5,5}+d{0,0,1,1,1,2,2,2,3,3,3,3,3,3,3,3}
output d{1,2,3,4,5,6}+d{1,1,1,3,3,3} named "2d6 standard + 1&3"
output d{1,2,3,4,5,6}+d{1,1,2,2,3,3} named "2d6 standard + 1,2,3"
output d{1,1,2,2,5,5,5,5}+d{0,0,1,1,2,2,3,3} 
output d{1,1,1,1,5,5,5,5}+d{0,0,1,1,2,2,3,3} named "2d8 1&5 + 0,1,2,3"
output d{0,0,2,3,5,5}+d{0,0,0,1,1,1}+d{1,1,1,2,2,2}
output d{0,0,1,3,4,4}+d{0,0,0,1,1,1}+d{1,1,1,3,3,3}