N:8
output [count {5,6} in Nd6] named "5+"
output [count {4,5,6} in Nd6] named "4+"
output [count {3,4,5,6} in Nd6] named "3+"

output Nd{0,0,0,0,0,0,0,0,0,0,0,0,0,0,0,0,0,0,0,0,0,0,0,0,0,0,0,0,0,0,1,1,1,1,1,2} named "6+ reroll and add"
output Nd{0,0,0,0,0,0,0,0,0,0,0,0,0,0,0,0,0,0,0,0,0,0,0,0,1,1,1,1,2,2,1,1,1,1,2,2} named "5+ reroll and add"
output Nd{0,0,0,0,0,0,0,0,0,0,0,0,0,0,0,0,0,0,1,1,1,2,2,2,1,1,1,2,2,2,1,1,1,2,2,2} named "4+ reroll and add"
output Nd{0,0,0,0,0,0,0,0,0,0,0,0,1,1,2,2,2,2,1,1,2,2,2,2,1,1,2,2,2,2,1,1,2,2,2,2} named "3+ reroll and add"

output Nd{0,0,0,0,0,1,0,0,0,0,0,1,0,0,0,0,0,1,0,0,0,0,0,1,0,0,0,0,0,1,1,1,1,1,1,1} named "6+ reroll misses"
output Nd{0,0,0,0,1,1,0,0,0,0,1,1,0,0,0,0,1,1,0,0,0,0,1,1,1,1,1,1,1,1,1,1,1,1,1,1} named "5+ reroll misses"
output Nd{0,0,0,1,1,1,0,0,0,1,1,1,0,0,0,1,1,1,1,1,1,1,1,1,1,1,1,1,1,1,1,1,1,1,1,1} named "4+ reroll misses"
output Nd{0,0,1,1,1,1,0,0,1,1,1,1,1,1,1,1,1,1,1,1,1,1,1,1,1,1,1,1,1,1,1,1,1,1,1,1} named "3+ reroll misses"
