output 5d{5,4,4,3,3,3,2,2,2,2,1,1,1,1,1,0,0,0,0,0}
output 4d{5,4,4,3,3,3,2,2,2,2,1,1,1,1,1,0,0,0,0,0} + 1d{5,4,4,3,3,3,2,2,2,2,1,1}
output 3d{5,4,4,3,3,3,2,2,2,2,1,1,1,1,1,0,0,0,0,0} + 2d{5,4,4,3,3,3,2,2,2,2,1,1}
output 2d{5,4,4,3,3,3,2,2,2,2,1,1,1,1,1,0,0,0,0,0} + 3d{5,4,4,3,3,3,2,2,2,2,1,1}
output 1d{5,4,4,3,3,3,2,2,2,2,1,1,1,1,1,0,0,0,0,0} + 4d{5,4,4,3,3,3,2,2,2,2,1,1}
output 5d{5,4,4,3,3,3,2,2,2,2,1,1}
output 4d{5,4,4,3,3,3,2,2,2,2,1,1} + 1d{5,4,4,3,3,3,2,2}
output 3d{5,4,4,3,3,3,2,2,2,2,1,1} + 2d{5,4,4,3,3,3,2,2}
output 2d{5,4,4,3,3,3,2,2,2,2,1,1} + 3d{5,4,4,3,3,3,2,2}
output 1d{5,4,4,3,3,3,2,2,2,2,1,1} + 4d{5,4,4,3,3,3,2,2}
output 5d{5,4,4,3,3,3,2,2}
output 4d{5,4,4,3,3,3,2,2} + 1d{5,4,4,3,3,3}
output 3d{5,4,4,3,3,3,2,2} + 2d{5,4,4,3,3,3}
output 2d{5,4,4,3,3,3,2,2} + 3d{5,4,4,3,3,3}
output 1d{5,4,4,3,3,3,2,2} + 4d{5,4,4,3,3,3}
output 5d{5,4,4,3,3,3}