
output 4d{-1,0,1} named "4dF"

output 1d{
+4,
+3,+3,
+2,+2,+2,+2,+2,+2,
+1,+1,+1,+1,+1,+1,+1,+1,+1,+1,
0,0,0,0,0,0,0,0,0,0,0,0,
-1,-1,-1,-1,-1,-1,-1,-1,-1,-1,
-2,-2,-2,-2,-2,-2,
-3,-3,
-4} named "50 card deck"

output 1d{
+4,
+3,+3,
+3,+3,
+2,+2,+2,+2,+2,+2,
+2,+2,+2,+2,+2,+2,
+1,+1,+1,+1,+1,+1,+1,+1,+1,+1,
+1,+1,+1,+1,+1,+1,+1,+1,+1,+1,
0,0,0,0,0,0,0,0,0,0,0,0,
0,0,0,0,0,0,0,0,0,0,0,0,
-1,-1,-1,-1,-1,-1,-1,-1,-1,-1,
-1,-1,-1,-1,-1,-1,-1,-1,-1,-1,
-2,-2,-2,-2,-2,-2,
-2,-2,-2,-2,-2,-2,
-3,-3,
-3,-3,
-4} named "double 50 card deck, minus extra 4's"

