output 2d6 named "2d6"
output [highest 1 of 1d{2,3,3,4,4,4,5,5,5,5,6,6,6,6,6,7,7,7,7,7,7,8,8,8,8,8,9,9,9,9,10,10,10,11,11,12}] named "Highest of 1 2d6 Rolls"
output [highest 1 of 2d{2,3,3,4,4,4,5,5,5,5,6,6,6,6,6,7,7,7,7,7,7,8,8,8,8,8,9,9,9,9,10,10,10,11,11,12}] named "Highest of 2 2d6 Rolls"
output [highest 1 of 3d{2,3,3,4,4,4,5,5,5,5,6,6,6,6,6,7,7,7,7,7,7,8,8,8,8,8,9,9,9,9,10,10,10,11,11,12}] named "Highest of 3 2d6 Rolls"
output [highest 1 of 4d{2,3,3,4,4,4,5,5,5,5,6,6,6,6,6,7,7,7,7,7,7,8,8,8,8,8,9,9,9,9,10,10,10,11,11,12}] named "Highest of 4 2d6 Rolls"
output [highest 1 of 5d{2,3,3,4,4,4,5,5,5,5,6,6,6,6,6,7,7,7,7,7,7,8,8,8,8,8,9,9,9,9,10,10,10,11,11,12}] named "Highest of 5 2d6 Rolls"
output [highest 1 of 6d{2,3,3,4,4,4,5,5,5,5,6,6,6,6,6,7,7,7,7,7,7,8,8,8,8,8,9,9,9,9,10,10,10,11,11,12}] named "Highest of 6 2d6 Rolls"
output [highest 1 of 7d{2,3,3,4,4,4,5,5,5,5,6,6,6,6,6,7,7,7,7,7,7,8,8,8,8,8,9,9,9,9,10,10,10,11,11,12}] named "Highest of 7 2d6 Rolls"
output [highest 1 of 8d{2,3,3,4,4,4,5,5,5,5,6,6,6,6,6,7,7,7,7,7,7,8,8,8,8,8,9,9,9,9,10,10,10,11,11,12}] named "Highest of 8 2d6 Rolls"
output [highest 1 of 9d{2,3,3,4,4,4,5,5,5,5,6,6,6,6,6,7,7,7,7,7,7,8,8,8,8,8,9,9,9,9,10,10,10,11,11,12}] named "Highest of 9 2d6 Rolls"
output [highest 1 of 10d{2,3,3,4,4,4,5,5,5,5,6,6,6,6,6,7,7,7,7,7,7,8,8,8,8,8,9,9,9,9,10,10,10,11,11,12}] named "Highest of 10 2d6 Rolls"