output 
0d{1, 1, 1, 0, 0, 0}
+0d{0,0,0,1,1,1,1,1}
+1d{0,0,0,1,1,1,1,1,1,2}
+1d{0,0,0,1,1,1,1,1,1,2,2,2}
-0d{1, 1, 1, 0, 0, 0}
-3d{0,0,0,1,1,1,1,1}
-0d{0,0,0,1,1,1,1,1,1,1}
-0d{0,0,0,1,1,1,1,1,1,1,1,1}

output 
0d{1, 1, 1, 0, 0, 0}
+0d{0,0,0,1,1,1,1,1}
+1d{0,0,0,1,1,1,1,1,1,1}
+1d{0,0,0,1,1,1,1,1,1,1,1,1}
-0d{1, 1, 1, 0, 0, 0}
-3d{0,0,0,1,1,1,1,1}
-0d{0,0,0,1,1,1,1,1,1,1}
-0d{0,0,0,1,1,1,1,1,1,1,1,1}

output 
1d{1, 1, 1, 0, 0, 0}
+2d{0,0,0,1,1,1,1,1}
+0d{0,0,0,1,1,1,1,1,1,1}
+0d{0,0,0,1,1,1,1,1,1,1,1,1}
-0d{1, 1, 1, 0, 0, 0}
-3d{0,0,0,1,1,1,1,1}
-0d{0,0,0,1,1,1,1,1,1,1}
-0d{0,0,0,1,1,1,1,1,1,1,1,1}