output d{0, 0, 0, 1, 1, 2} named "yellow"

output d{0, 0, 0, 1, 1, 2,  0, 0, 0, 1, 1, 2,  0, 0, 0, 1, 1, 2,  1, 1, 1, 1, 1, 1,  1, 1, 1, 1, 1, 1,  2, 2, 2, 2, 2, 2} named "yellow, reroll"

output d{0, 0, 1, 1, 2, 2} named "orange"

output d{0, 0, 1, 1, 2, 2,  0, 0, 1, 1, 2, 2,  1, 1, 1, 1, 1, 1,  1, 1, 1, 1, 1, 1,  2, 2, 2, 2, 2, 2,  2, 2, 2, 2, 2, 2} named "orange, reroll 0"

output d{0, 0, 1, 1, 2, 2,  0, 0, 1, 1, 2, 2,  0, 0, 1, 1, 2, 2,  0, 0, 1, 1, 2, 2,  2, 2, 2, 2, 2, 2,  2, 2, 2, 2, 2, 2} named "orange, reroll 0,1"

output d{0, 1, 1, 2, 2, 3} named "red"

output d{0, 1, 1, 2, 2, 3,  1, 1, 1, 1, 1, 1,  1, 1, 1, 1, 1, 1,  2, 2, 2, 2, 2, 2,  2, 2, 2, 2, 2, 2,  3, 3, 3, 3, 3, 3} named "red, reroll 0"

output d{0, 1, 1, 2, 2, 3,  0, 1, 1, 2, 2, 3,  0, 1, 1, 2, 2, 3,  2, 2, 2, 2, 2, 2,  2, 2, 2, 2, 2, 2,  3, 3, 3, 3, 3, 3} named "red, reroll 0,1"

output d{0, 1, 1, 2, 2, 3,  0, 1, 1, 2, 2, 3,  0, 1, 1, 2, 2, 3,  0, 1, 1, 2, 2, 3,  0, 1, 1, 2, 2, 3,  3, 3, 3, 3, 3, 3} named "red, reroll 0,1,2"


