
output 20d{0,0,0,0,0,0,0,0,0,0,0,0,0,0,0,0,0,0,0,1}
output 20d{0,0,0,0,0,0,0,0,0,0,0,0,0,0,0,0,0,0,1,1}
output 20d{0,0,0,0,0,0,0,0,0,0,0,0,0,0,0,0,0,1,1,1}
output 20d{0,0,0,0,0,0,0,0,0,0,0,0,0,0,0,0,1,1,1,1}
output 20d{0,0,0,0,0,0,0,0,0,0,0,0,0,0,0,1,1,1,1,1}
output 20d{0,0,0,0,0,0,0,0,0,0,0,0,0,0,1,1,1,1,1,1}
output 20d{0,0,0,0,0,0,0,0,0,0,0,0,0,1,1,1,1,1,1,1}
output 20d{0,0,0,0,0,0,0,0,0,0,0,0,1,1,1,1,1,1,1,1}
output 20d{0,0,0,0,0,0,0,0,0,0,0,1,1,1,1,1,1,1,1,1}
output 20d{0,0,0,0,0,0,0,0,0,0,1,1,1,1,1,1,1,1,1,1}
output 20d{0,0,0,0,0,0,0,0,0,1,1,1,1,1,1,1,1,1,1,1}
output 20d{0,0,0,0,0,0,0,0,1,1,1,1,1,1,1,1,1,1,1,1}
output 20d{0,0,0,0,0,0,0,1,1,1,1,1,1,1,1,1,1,1,1,1}
output 20d{0,0,0,0,0,0,1,1,1,1,1,1,1,1,1,1,1,1,1,1}
output 20d{0,0,0,0,0,1,1,1,1,1,1,1,1,1,1,1,1,1,1,1}
output 20d{0,0,0,0,1,1,1,1,1,1,1,1,1,1,1,1,1,1,1,1}
output 20d{0,0,0,1,1,1,1,1,1,1,1,1,1,1,1,1,1,1,1,1}
output 20d{0,0,1,1,1,1,1,1,1,1,1,1,1,1,1,1,1,1,1,1}
output 20d{0,1,1,1,1,1,1,1,1,1,1,1,1,1,1,1,1,1,1,1}
output 20d{1,1,1,1,1,1,1,1,1,1,1,1,1,1,1,1,1,1,1,1}
