
output 1d{0, 0, 0, 0, 0, 0, 1, 1, 1, 1}
output 2d{0, 0, 0, 0, 0, 0, 1, 1, 1, 1}
output 3d{0, 0, 0, 0, 0, 0, 1, 1, 1, 1}
output 4d{0, 0, 0, 0, 0, 0, 1, 1, 1, 1}
output 5d{0, 0, 0, 0, 0, 0, 1, 1, 1, 1}
output 6d{0, 0, 0, 0, 0, 0, 1, 1, 1, 1}
output 7d{0, 0, 0, 0, 0, 0, 1, 1, 1, 1}
output 8d{0, 0, 0, 0, 0, 0, 1, 1, 1, 1}
output 9d{0, 0, 0, 0, 0, 0, 1, 1, 1, 1}
output 10d{0, 0, 0, 0, 0, 0, 1, 1, 1, 1}
output 11d{0, 0, 0, 0, 0, 0, 1, 1, 1, 1}
output 12d{0, 0, 0, 0, 0, 0, 1, 1, 1, 1}
output 13d{0, 0, 0, 0, 0, 0, 1, 1, 1, 1}
output 14d{0, 0, 0, 0, 0, 0, 1, 1, 1, 1}
output 15d{0, 0, 0, 0, 0, 0, 1, 1, 1, 1}
output 16d{0, 0, 0, 0, 0, 0, 1, 1, 1, 1}
output 17d{0, 0, 0, 0, 0, 0, 1, 1, 1, 1}
output 18d{0, 0, 0, 0, 0, 0, 1, 1, 1, 1}
output 19d{0, 0, 0, 0, 0, 0, 1, 1, 1, 1}
output 20d{0, 0, 0, 0, 0, 0, 1, 1, 1, 1}
output 21d{0, 0, 0, 0, 0, 0, 1, 1, 1, 1}
output 22d{0, 0, 0, 0, 0, 0, 1, 1, 1, 1}
output 23d{0, 0, 0, 0, 0, 0, 1, 1, 1, 1}
output 24d{0, 0, 0, 0, 0, 0, 1, 1, 1, 1}
output 25d{0, 0, 0, 0, 0, 0, 1, 1, 1, 1}
output 26d{0, 0, 0, 0, 0, 0, 1, 1, 1, 1}
output 27d{0, 0, 0, 0, 0, 0, 1, 1, 1, 1}
output 28d{0, 0, 0, 0, 0, 0, 1, 1, 1, 1}
output 29d{0, 0, 0, 0, 0, 0, 1, 1, 1, 1}
output 30d{0, 0, 0, 0, 0, 0, 1, 1, 1, 1}
