TNSEVEN: {0,0,0,0,0,0,0,0,0,0,
0,0,0,0,0,0,0,0,0,0,
0,0,0,0,0,0,0,0,0,0,
0,0,0,0,0,0,0,0,0,0,
0,0,0,0,0,0,0,0,0,0,
0,0,0,0,0,0,0,0,0,0,
1,1,1,1,1,1,1,1,1,1,
1,1,1,1,1,1,1,1,1,1,
1,1,1,1,1,1,1,1,1,1,
1,1,1,1,1,1,2,2,2,2}

TNEIGHT: {0,0,0,0,0,0,0,0,0,0,
0,0,0,0,0,0,0,0,0,0,
0,0,0,0,0,0,0,0,0,0,
0,0,0,0,0,0,0,0,0,0,
0,0,0,0,0,0,0,0,0,0,
0,0,0,0,0,0,0,0,0,0,
0,0,0,0,0,0,0,0,0,0,
1,1,1,1,1,1,1,1,1,1,
1,1,1,1,1,1,1,1,1,1,
1,1,1,1,1,1,1,2,2,2}

function: dice SUCCESSES:s enhancement ENHANCEMENT:s{
if SUCCESSES > 0 {result: SUCCESSES +ENHANCEMENT}
if SUCCESSES = 0 {result: 0}
}


output [dice 10dTNSEVEN enhancement 0] named "10d10 TN7"
output [dice 10dTNEIGHT enhancement 0] named "10d10 TN8"
