output 1d20
output [highest 1 of 2d20]
output [lowest 1 of 2d20]
output 1d20+1d4
output [highest 1 of 2d20]+1d4
output [lowest 1 of 2d20]+1d4
output 1d{10,10,10,10,10,10,10,10,10,10,11,12,13,14,15,16,17,18,19,20}
output [highest 1 of 2d{10,10,10,10,10,10,10,10,10,10,11,12,13,14,15,16,17,18,19,20}]
output [lowest 1 of 2d{10,10,10,10,10,10,10,10,10,10,11,12,13,14,15,16,17,18,19,20}]
output 1d{10,10,10,10,10,10,10,10,10,10,11,12,13,14,15,16,17,18,19,20}+1d4
output [highest 1 of 2d{10,10,10,10,10,10,10,10,10,10,11,12,13,14,15,16,17,18,19,20}]+1d4
output [lowest 1 of 2d{10,10,10,10,10,10,10,10,10,10,11,12,13,14,15,16,17,18,19,20}]+1d4