output 1d{1,1,1,1,1,1,1,1,1,1,1,1,2,2,2,2,2,2,2,2,2,2,2,3,3,3,3,3,3,3,3,3,3,4,4,4,4,4,4,4,4,4,5,5,5,5,5,5,5,5,6,6,6,6,6,6,6,7,7,7,7,7,7,8,8,8,8,8,9,9,9,9,10,10,10,11,11,12}

output 4d{0,1}

output 12d{0,0,0,1,1,2}

output [highest 1 of 5d{0,0,0,1,2,3}]
output 2d6+7
output [explode 4d{0,0,0,1,1,1}]
output 1d{-1,0,0,0,0,1}+1d{-1,0,0,0,0,0}
output 1d{-1,0,0,0,0,1}+1d{-1,-1,0,0,0,0}
output 1d{0,0,0,1,1,1}
output [explode 6d{0,0,0,1,1,1}]
output [lowest 1 of 6d6]
output 1d{0,0,0,1,1,1}
output 1d{-1,0,0,1,1,1}
output 1d{0,0,0,0,0,1}