output {12,
3,
6,
6,
14,
5,
10,
1,
19,
19,
2,
1,
9,
6,
18,
14,
15,
1,
15,
15,
5,
10,
17,
1,
7,
1,
15,
17,
20,
7,
3,
7,
13,
8,
15,
4,
17,
17,
1,
10,
13,
5,
20,
2,
2,
3,
13,
12,
9,
15,
5,
3,
11,
6,
11,
5,
6,
11,
12,
9,
4,
10,
14,
5,
5,
18,
10,
4,
18,
7,
17,
15,
16,
14,
10,
12,
20,
16,
10,
20,
12,
1,
13,
19,
17,
14,
20,
15,
18,
16,
17,
14,
10,
8,
18,
8,
12,
10,
9,
16,
16,
7,
8,
13,
3,
10,
1,
9,
16,
9,
15,
2,
3,
7,
4,
9,
19,
11,
6,
13,
20,
15,
12,
2,
4,
15,
18,
11,
17,
8,
1,
12,
12,
14,
17,
8,
4,
5,
10,
5,
11,
4,
5,
15,
16,
3,
10,
20,
4,
9,
15,
2,
6,
10,
14,
9,
12,
14,
6,
17,
1,
14,
9,
19,
15,
19,
3,
2,
3,
18,
2,
6,
4,
12,
10,
14,
17,
16,
12,
15,
14,
11,
18,
8,
10,
18,
7,
18,
8,
8,
1,
4,
7,
14,
8,
11,
4,
4,
9,
5}