output d20 named "standard"

output d{1,2,8,9,10,10,11,11,11,12,12,12,12,12,12,13,13,13,13,13,13,13,13,13,13,13,14,14,14,14,14,14,14,14,14,14,15,15,15,15,15,15,15,16,16,16,16,16,16,17,17,17,17,17,18,18,18,18,20,20} named "mental model normal distribution"




output d{9,18,10,10,10,17,17,17,11,11,11,11,11,11,16,16,16,16,16,16,12,12,12,12,12,12,12,12,12,15,15,15,15,15,15,15,15,15,13,13,13,13,13,13,13,13,13,13,13,14,14,14,14,14,14,14,14,14,14,14} named "model normal distribution"



output d{1,3,4,4,4,4,4,5,5,5,5,5,5,6,6,6,6,6,7,7,7,8,10,10} named "Bludgeon"
output d{1,1,2,2,3,3,4,4,5,5,5,6,6,6,7,7,7,7,8,8,9,8,9,10} named "Shank"

output d{2,3,3,3,3,3,3,4,4,4,4,5,5,5,6,6,7,7,8,8,10,10,10,10} named "Hurtle Projectile"

output d{1,1,1,2,2,2,2,3,3,3,4,5,6,7,8,8,9,9,9,9,9,10,10,10} named "Krav maga"



