output 1d{-1,-1,-1,0,0,0,1,1,1,1}>0
output 2d{-1,-1,-1,0,0,0,1,1,1,1}>0
output 3d{-1,-1,-1,0,0,0,1,1,1,1}>0
output 4d{-1,-1,-1,0,0,0,1,1,1,1}>0
output 5d{-1,-1,-1,0,0,0,1,1,1,1}>0
output 6d{-1,-1,-1,0,0,0,1,1,1,1}>0
output 7d{-1,-1,-1,0,0,0,1,1,1,1}>0
output 8d{-1,-1,-1,0,0,0,1,1,1,1}>0
output 9d{-1,-1,-1,0,0,0,1,1,1,1}>0
output 10d{-1,-1,-1,0,0,0,1,1,1,1}>0
output 1d{-1,-1,-1,0,0,0,1,1,1,1}+1>0
output 2d{-1,-1,-1,0,0,0,1,1,1,1}+1>0
output 3d{-1,-1,-1,0,0,0,1,1,1,1}+1>0
output 4d{-1,-1,-1,0,0,0,1,1,1,1}+1>0
output 5d{-1,-1,-1,0,0,0,1,1,1,1}+1>0
output 6d{-1,-1,-1,0,0,0,1,1,1,1}+1>0
output 7d{-1,-1,-1,0,0,0,1,1,1,1}+1>0
output 8d{-1,-1,-1,0,0,0,1,1,1,1}+1>0
output 9d{-1,-1,-1,0,0,0,1,1,1,1}+1>0
output 10d{-1,-1,-1,0,0,0,1,1,1,1}+1>0
output 1d{-1,-1,-1,0,0,0,1,1,1,1}+2>0
output 2d{-1,-1,-1,0,0,0,1,1,1,1}+2>0
output 3d{-1,-1,-1,0,0,0,1,1,1,1}+2>0
output 4d{-1,-1,-1,0,0,0,1,1,1,1}+2>0
output 5d{-1,-1,-1,0,0,0,1,1,1,1}+2>0
output 6d{-1,-1,-1,0,0,0,1,1,1,1}+2>0
output 7d{-1,-1,-1,0,0,0,1,1,1,1}+2>0
output 8d{-1,-1,-1,0,0,0,1,1,1,1}+2>0
output 9d{-1,-1,-1,0,0,0,1,1,1,1}+2>0
output 10d{-1,-1,-1,0,0,0,1,1,1,1}+2>0