\ Dropfleet Commander Master Sheet \

\ Damage 1 Weapons \

output d{0,0,0, 0,1,1, 0,1,1, 1,1,1, 1,1,1, 1,1,1} named "Damage 1, Lock 2+ vs. Armor 5+"
output d{0,0, 0,1, 0,1, 1,1, 1,1, 1,1}             named "... vs. Armor 4+"
output d{0,0,0, 0,0,1, 0,0,1, 1,1,1, 1,1,1, 1,1,1} named "... vs. Armor 3+"

output d{0,0,0, 0,0,0, 0,1,1, 0,1,1, 1,1,1, 1,1,1} named "Lock 3+ vs. Armor 5+"
output d{0,0, 0,0, 0,1, 0,1, 1,1, 1,1}             named "... vs. Armor 4+"
output d{0,0,0, 0,0,0, 0,0,1, 0,0,1, 1,1,1, 1,1,1} named "... vs. Armor 3+"

output d{0,0,0, 0,0,0, 0,0,0, 0,1,1, 0,1,1, 1,1,1} named "Lock 4+ vs. Armor 5+"
output d{0,0, 0,0, 0,0, 0,1, 0,1, 1,1}             named "... vs. Armor 4+"
output d{0,0,0, 0,0,0, 0,0,0, 0,0,1, 0,0,1, 1,1,1} named "... vs. Armor 3+"

output d{0,0,0, 0,0,0, 0,0,0, 0,0,0, 0,1,1, 0,1,1} named "Lock 5+ vs. Armor 5+"
output d{0,0, 0,0, 0,0, 0,0, 0,1, 0,1}             named "... vs. Armor 4+"
output d{0,0,0, 0,0,0, 0,0,0, 0,0,0, 0,0,1, 0,0,1} named "... vs. Armor 3+"

output d{0,0,0, 0,0,0, 0,0,0, 0,0,0, 0,0,0, 0,1,1} named "Lock 6+ vs. Armor 5+"
output d{0,0, 0,0, 0,0, 0,0, 0,0, 0,1}             named "... vs. Armor 4+"
output d{0,0,0, 0,0,0, 0,0,0, 0,0,0, 0,0,0, 0,0,1} named "... vs. Armor 3+"

\ Damage 2 Weapons \

output d{0,0,0,0,0,0,0,0,0, 0,1,1,1,1,2,2,2,2, 0,1,1,1,1,2,2,2,2, 2,2,2,2,2,2,2,2,2, 2,2,2,2,2,2,2,2,2, 2,2,2,2,2,2,2,2,2} named "Damage 2, Lock 2+ vs. Armor 5+"
output d{0,0,0,0, 0,1,1,2, 0,1,1,2, 2,2,2,2, 2,2,2,2, 2,2,2,2}                                                             named "... vs. Armor 4+"
output d{0,0,0,0,0,0,0,0,0, 0,0,0,0,1,1,1,1,2, 0,0,0,0,1,1,1,1,2, 2,2,2,2,2,2,2,2,2, 2,2,2,2,2,2,2,2,2, 2,2,2,2,2,2,2,2,2} named "... vs. Armor 3+"

output d{0,0,0,0,0,0,0,0,0, 0,0,0,0,0,0,0,0,0, 0,1,1,1,1,2,2,2,2, 0,1,1,1,1,2,2,2,2, 2,2,2,2,2,2,2,2,2, 2,2,2,2,2,2,2,2,2} named "Lock 3+ vs. Armor 5+"
output d{0,0,0,0, 0,0,0,0, 0,1,1,2, 0,1,1,2, 2,2,2,2, 2,2,2,2}                                                             named "... vs. Armor 4+"
output d{0,0,0,0,0,0,0,0,0, 0,0,0,0,0,0,0,0,0, 0,0,0,0,1,1,1,1,2, 0,0,0,0,1,1,1,1,2, 2,2,2,2,2,2,2,2,2, 2,2,2,2,2,2,2,2,2} named "... vs. Armor 3+"

output d{0,0,0,0,0,0,0,0,0, 0,0,0,0,0,0,0,0,0, 0,0,0,0,0,0,0,0,0, 0,1,1,1,1,2,2,2,2, 0,1,1,1,1,2,2,2,2, 2,2,2,2,2,2,2,2,2} named "Lock 4+ vs. Armor 5+"
output d{0,0,0,0, 0,0,0,0, 0,0,0,0, 0,1,1,2, 0,1,1,2, 2,2,2,2}                                                             named "... vs. Armor 4+"
output d{0,0,0,0,0,0,0,0,0, 0,0,0,0,0,0,0,0,0, 0,0,0,0,0,0,0,0,0, 0,0,0,0,1,1,1,1,2, 0,0,0,0,1,1,1,1,2, 2,2,2,2,2,2,2,2,2} named "... vs. Armor 3+"

output d{0,0,0,0,0,0,0,0,0, 0,0,0,0,0,0,0,0,0, 0,0,0,0,0,0,0,0,0, 0,0,0,0,0,0,0,0,0, 0,1,1,1,1,2,2,2,2, 0,1,1,1,1,2,2,2,2} named "Lock 5+ vs. Armor 5+"
output d{0,0,0,0, 0,0,0,0, 0,0,0,0, 0,0,0,0, 0,1,1,2, 0,1,1,2}                                                             named "... vs. Armor 4+"
output d{0,0,0,0,0,0,0,0,0, 0,0,0,0,0,0,0,0,0, 0,0,0,0,0,0,0,0,0, 0,0,0,0,0,0,0,0,0, 0,0,0,0,1,1,1,1,2, 0,0,0,0,1,1,1,1,2} named "... vs. Armor 3+"

output d{0,0,0,0,0,0,0,0,0, 0,0,0,0,0,0,0,0,0, 0,0,0,0,0,0,0,0,0, 0,0,0,0,0,0,0,0,0, 0,0,0,0,0,0,0,0,0, 0,1,1,1,1,2,2,2,2} named "Lock 6+ vs. Armor 5+"
output d{0,0,0,0, 0,0,0,0, 0,0,0,0, 0,0,0,0, 0,0,0,0, 0,1,1,2}                                                             named "... vs. Armor 4+"
output d{0,0,0,0,0,0,0,0,0, 0,0,0,0,0,0,0,0,0, 0,0,0,0,0,0,0,0,0, 0,0,0,0,0,0,0,0,0, 0,0,0,0,0,0,0,0,0, 0,0,0,0,1,1,1,1,2} named "... vs. Armor 3+"

\ Damage 3 Weapons \

output d{0,0,0,0,0,0,0,0,0,0,0,0,0,0,0,0,0,0,0,0,0,0,0,0,0,0,0, 0,1,1,1,1,1,1,2,2,2,2,2,2,2,2,2,2,2,2,3,3,3,3,3,3,3,3, 0,1,1,1,1,1,1,2,2,2,2,2,2,2,2,2,2,2,2,3,3,3,3,3,3,3,3, 3,3,3,3,3,3,3,3,3,3,3,3,3,3,3,3,3,3,3,3,3,3,3,3,3,3,3, 3,3,3,3,3,3,3,3,3,3,3,3,3,3,3,3,3,3,3,3,3,3,3,3,3,3,3, 3,3,3,3,3,3,3,3,3,3,3,3,3,3,3,3,3,3,3,3,3,3,3,3,3,3,3} named "Damage 3, Lock 2+ vs. Armor 5+"
output d{0,0,0,0,0,0,0,0, 0,1,1,1,2,2,2,3, 0,1,1,1,2,2,2,3, 3,3,3,3,3,3,3,3, 3,3,3,3,3,3,3,3, 3,3,3,3,3,3,3,3} named "... vs. Armor 4+"
output d{0,0,0,0,0,0,0,0,0,0,0,0,0,0,0,0,0,0,0,0,0,0,0,0,0,0,0, 0,0,0,0,0,0,0,0,1,1,1,1,1,1,1,1,1,1,1,1,2,2,2,2,2,2,3, 0,0,0,0,0,0,0,0,1,1,1,1,1,1,1,1,1,1,1,1,2,2,2,2,2,2,3, 3,3,3,3,3,3,3,3,3,3,3,3,3,3,3,3,3,3,3,3,3,3,3,3,3,3,3, 3,3,3,3,3,3,3,3,3,3,3,3,3,3,3,3,3,3,3,3,3,3,3,3,3,3,3, 3,3,3,3,3,3,3,3,3,3,3,3,3,3,3,3,3,3,3,3,3,3,3,3,3,3,3} named "... vs. Armor 3+"

output d{0,0,0,0,0,0,0,0,0,0,0,0,0,0,0,0,0,0,0,0,0,0,0,0,0,0,0, 0,0,0,0,0,0,0,0,0,0,0,0,0,0,0,0,0,0,0,0,0,0,0,0,0,0,0, 0,1,1,1,1,1,1,2,2,2,2,2,2,2,2,2,2,2,2,3,3,3,3,3,3,3,3, 0,1,1,1,1,1,1,2,2,2,2,2,2,2,2,2,2,2,2,3,3,3,3,3,3,3,3, 3,3,3,3,3,3,3,3,3,3,3,3,3,3,3,3,3,3,3,3,3,3,3,3,3,3,3, 3,3,3,3,3,3,3,3,3,3,3,3,3,3,3,3,3,3,3,3,3,3,3,3,3,3,3} named "Lock 3+ vs. Armor 5+"
output d{0,0,0,0,0,0,0,0, 0,0,0,0,0,0,0,0, 0,1,1,1,2,2,2,3, 0,1,1,1,2,2,2,3, 3,3,3,3,3,3,3,3, 3,3,3,3,3,3,3,3} named "... vs. Armor 4+"
output d{0,0,0,0,0,0,0,0,0,0,0,0,0,0,0,0,0,0,0,0,0,0,0,0,0,0,0, 0,0,0,0,0,0,0,0,0,0,0,0,0,0,0,0,0,0,0,0,0,0,0,0,0,0,0, 0,0,0,0,0,0,0,0,1,1,1,1,1,1,1,1,1,1,1,1,2,2,2,2,2,2,3, 0,0,0,0,0,0,0,0,1,1,1,1,1,1,1,1,1,1,1,1,2,2,2,2,2,2,3, 3,3,3,3,3,3,3,3,3,3,3,3,3,3,3,3,3,3,3,3,3,3,3,3,3,3,3, 3,3,3,3,3,3,3,3,3,3,3,3,3,3,3,3,3,3,3,3,3,3,3,3,3,3,3} named "... vs. Armor 3+"

output d{0,0,0,0,0,0,0,0,0,0,0,0,0,0,0,0,0,0,0,0,0,0,0,0,0,0,0, 0,0,0,0,0,0,0,0,0,0,0,0,0,0,0,0,0,0,0,0,0,0,0,0,0,0,0, 0,0,0,0,0,0,0,0,0,0,0,0,0,0,0,0,0,0,0,0,0,0,0,0,0,0,0, 0,1,1,1,1,1,1,2,2,2,2,2,2,2,2,2,2,2,2,3,3,3,3,3,3,3,3, 0,1,1,1,1,1,1,2,2,2,2,2,2,2,2,2,2,2,2,3,3,3,3,3,3,3,3, 3,3,3,3,3,3,3,3,3,3,3,3,3,3,3,3,3,3,3,3,3,3,3,3,3,3,3} named "Lock 4+ vs. Armor 5+"
output d{0,0,0,0,0,0,0,0, 0,0,0,0,0,0,0,0, 0,0,0,0,0,0,0,0, 0,1,1,1,2,2,2,3, 0,1,1,1,2,2,2,3, 3,3,3,3,3,3,3,3} named "... vs. Armor 4+"
output d{0,0,0,0,0,0,0,0,0,0,0,0,0,0,0,0,0,0,0,0,0,0,0,0,0,0,0, 0,0,0,0,0,0,0,0,0,0,0,0,0,0,0,0,0,0,0,0,0,0,0,0,0,0,0, 0,0,0,0,0,0,0,0,0,0,0,0,0,0,0,0,0,0,0,0,0,0,0,0,0,0,0, 0,0,0,0,0,0,0,0,1,1,1,1,1,1,1,1,1,1,1,1,2,2,2,2,2,2,3, 0,0,0,0,0,0,0,0,1,1,1,1,1,1,1,1,1,1,1,1,2,2,2,2,2,2,3, 3,3,3,3,3,3,3,3,3,3,3,3,3,3,3,3,3,3,3,3,3,3,3,3,3,3,3} named "... vs. Armor 3+"

output d{0,0,0,0,0,0,0,0,0,0,0,0,0,0,0,0,0,0,0,0,0,0,0,0,0,0,0, 0,0,0,0,0,0,0,0,0,0,0,0,0,0,0,0,0,0,0,0,0,0,0,0,0,0,0, 0,0,0,0,0,0,0,0,0,0,0,0,0,0,0,0,0,0,0,0,0,0,0,0,0,0,0, 0,0,0,0,0,0,0,0,0,0,0,0,0,0,0,0,0,0,0,0,0,0,0,0,0,0,0, 0,1,1,1,1,1,1,2,2,2,2,2,2,2,2,2,2,2,2,3,3,3,3,3,3,3,3, 0,1,1,1,1,1,1,2,2,2,2,2,2,2,2,2,2,2,2,3,3,3,3,3,3,3,3} named "Lock 5+ vs. Armor 5+"
output d{0,0,0,0,0,0,0,0, 0,0,0,0,0,0,0,0, 0,0,0,0,0,0,0,0, 0,0,0,0,0,0,0,0, 0,1,1,1,2,2,2,3, 0,1,1,1,2,2,2,3} named "... vs. Armor 4+"
output d{0,0,0,0,0,0,0,0,0,0,0,0,0,0,0,0,0,0,0,0,0,0,0,0,0,0,0, 0,0,0,0,0,0,0,0,0,0,0,0,0,0,0,0,0,0,0,0,0,0,0,0,0,0,0, 0,0,0,0,0,0,0,0,0,0,0,0,0,0,0,0,0,0,0,0,0,0,0,0,0,0,0, 0,0,0,0,0,0,0,0,0,0,0,0,0,0,0,0,0,0,0,0,0,0,0,0,0,0,0, 0,0,0,0,0,0,0,0,1,1,1,1,1,1,1,1,1,1,1,1,2,2,2,2,2,2,3, 0,0,0,0,0,0,0,0,1,1,1,1,1,1,1,1,1,1,1,1,2,2,2,2,2,2,3} named "... vs. Armor 3+"

output d{0,0,0,0,0,0,0,0,0,0,0,0,0,0,0,0,0,0,0,0,0,0,0,0,0,0,0, 0,0,0,0,0,0,0,0,0,0,0,0,0,0,0,0,0,0,0,0,0,0,0,0,0,0,0, 0,0,0,0,0,0,0,0,0,0,0,0,0,0,0,0,0,0,0,0,0,0,0,0,0,0,0, 0,0,0,0,0,0,0,0,0,0,0,0,0,0,0,0,0,0,0,0,0,0,0,0,0,0,0, 0,0,0,0,0,0,0,0,0,0,0,0,0,0,0,0,0,0,0,0,0,0,0,0,0,0,0, 0,1,1,1,1,1,1,2,2,2,2,2,2,2,2,2,2,2,2,3,3,3,3,3,3,3,3} named "Lock 6+ vs. Armor 5+"
output d{0,0,0,0,0,0,0,0, 0,0,0,0,0,0,0,0, 0,0,0,0,0,0,0,0, 0,0,0,0,0,0,0,0, 0,0,0,0,0,0,0,0, 0,1,1,1,2,2,2,3} named "... vs. Armor 4+"
output d{0,0,0,0,0,0,0,0,0,0,0,0,0,0,0,0,0,0,0,0,0,0,0,0,0,0,0, 0,0,0,0,0,0,0,0,0,0,0,0,0,0,0,0,0,0,0,0,0,0,0,0,0,0,0, 0,0,0,0,0,0,0,0,0,0,0,0,0,0,0,0,0,0,0,0,0,0,0,0,0,0,0, 0,0,0,0,0,0,0,0,0,0,0,0,0,0,0,0,0,0,0,0,0,0,0,0,0,0,0, 0,0,0,0,0,0,0,0,0,0,0,0,0,0,0,0,0,0,0,0,0,0,0,0,0,0,0, 0,0,0,0,0,0,0,0,1,1,1,1,1,1,1,1,1,1,1,1,2,2,2,2,2,2,3} named "... vs. Armor 3+"