function: highest of A:n and B:n {
 if A > B { result: A }
 result: B
}
function: lowest of A:n and B:n {
 if A < B { result: A }
 result: B
}
function: save of A:n and B:n over C:n {
 if [lowest of A and B] > C { result: 1  }
 result: 0
}

function: opposed of A:n and B:n {
 if 2*A > 2*B {result:1}
result: 0
}

E: d{3,6,5,5,5,5,6,6,6,6,7,7,7,7,7,8,8,8,8,8,8,8,9,9,9,9,9,9,9,9,10,10,10,10,10,10,10,10,10,11,11,11,11,11,11,11,12,12,12,12,12,12,13,13,13,13,13,15,14,14,14,4,4,3,2,15,16,7,8,1,9,4}

D: d{1,3,3,4,4,4,4,5,5,5,6,6,6,6,6,7,7,7,7,7,3,2,8,8,8,8,8,14,13,9,9,9,9,9,10,10,10,10,10,11,11,11,11,12,12,12,13,13,2,8,8,8,8,7,7,7,9,9,9,10,10,6,6,5,11,8,7,9,8,5,12,8} 

C: d{1,3,3,4,4,4,5,5,5,5,6,6,6,6,6,7,7,7,7,7,7,8,8,8,8,8,9,9,9,9,10,10,10,11,11,12,2,3,3,4,4,4,5,5,5,5,6,6,6,6,6,7,7,7,7,7,7,8,8,8,8,8,9,9,9,9,10,10,10,11,11,13} 

B: d{1,3,3,4,4,4,5,5,5,5,6,6,6,6,6,7,7,7,7,8,8,8,9,9,11,6,6,7,5,6,7,5,4,8,5,7,2,3,3,4,4,4,5,5,5,5,6,6,6,6,6,7,7,7,7,8,8,8,9,9,10,6,6,7,5,6,7,5,4,8,5,7}

A: d{1,3,3,4,4,4,5,5,6,2,3,3,4,4,4,5,5,6,2,3,3,4,4,4,5,5,6,2,3,3,4,4,4,5,5,6,2,3,3,4,4,4,5,5,6,2,3,3,4,4,4,5,5,6,2,3,3,4,4,4,5,5,6,2,3,3,4,4,4,5,5,7}


loop N over {A,B,C,D,E}{
loop M over {A,B,C,D,E}{

output dN-dM}}


