output [highest 1 of 2d{10, 9, 8, 7, 6, 5, 4, 3, 2, 1, 0, 0, 0, 0, 0, 0, 0, 0, 0, 0}] + 1d{10, 9, 8, 7, 6, 5, 4, 3, 2, 1, 0, 0, 0, 0, 0, 0, 0, 0, 0, 0} >= 5 named "5 Energy, 2 Roll Limit, 1 Items"
output [highest 1 of 2d{10, 9, 8, 7, 6, 5, 4, 3, 2, 1, 0, 0, 0, 0, 0, 0, 0, 0, 0, 0}] + 2d{10, 9, 8, 7, 6, 5, 4, 3, 2, 1, 0, 0, 0, 0, 0, 0, 0, 0, 0, 0} >= 5 named "5 Energy, 3 Roll Limit, 1 Items"
output [highest 2 of 4d{10, 9, 8, 7, 6, 5, 4, 3, 2, 1, 0, 0, 0, 0, 0, 0, 0, 0, 0, 0}] + 2d{10, 9, 8, 7, 6, 5, 4, 3, 2, 1, 0, 0, 0, 0, 0, 0, 0, 0, 0, 0} >= 5 named "5 Energy, 4 Roll Limit, 2 Items"
output [highest 3 of 6d{10, 9, 8, 7, 6, 5, 4, 3, 2, 1, 0, 0, 0, 0, 0, 0, 0, 0, 0, 0}] + 3d{10, 9, 8, 7, 6, 5, 4, 3, 2, 1, 0, 0, 0, 0, 0, 0, 0, 0, 0, 0} >= 5 named "5 Energy, 6 Roll Limit, 3 Items"

output [highest 1 of 2d{10, 9, 8, 7, 6, 5, 4, 3, 2, 1, 0, 0, 0, 0, 0, 0, 0, 0, 0, 0}] + 1d{10, 9, 8, 7, 6, 5, 4, 3, 2, 1, 0, 0, 0, 0, 0, 0, 0, 0, 0, 0} >= 10 named "10 Energy, 2 Roll Limit, 1 Items"
output [highest 1 of 2d{10, 9, 8, 7, 6, 5, 4, 3, 2, 1, 0, 0, 0, 0, 0, 0, 0, 0, 0, 0}] + 2d{10, 9, 8, 7, 6, 5, 4, 3, 2, 1, 0, 0, 0, 0, 0, 0, 0, 0, 0, 0} >= 10 named "10 Energy, 3 Roll Limit, 1 Items"
output [highest 2 of 4d{10, 9, 8, 7, 6, 5, 4, 3, 2, 1, 0, 0, 0, 0, 0, 0, 0, 0, 0, 0}] + 2d{10, 9, 8, 7, 6, 5, 4, 3, 2, 1, 0, 0, 0, 0, 0, 0, 0, 0, 0, 0} >= 10 named "10 Energy, 4 Roll Limit, 2 Items"
output [highest 3 of 6d{10, 9, 8, 7, 6, 5, 4, 3, 2, 1, 0, 0, 0, 0, 0, 0, 0, 0, 0, 0}] + 3d{10, 9, 8, 7, 6, 5, 4, 3, 2, 1, 0, 0, 0, 0, 0, 0, 0, 0, 0, 0} >= 10 named "10 Energy, 6 Roll Limit, 3 Items"

output [highest 1 of 2d{10, 9, 8, 7, 6, 5, 4, 3, 2, 1, 0, 0, 0, 0, 0, 0, 0, 0, 0, 0}] + 1d{10, 9, 8, 7, 6, 5, 4, 3, 2, 1, 0, 0, 0, 0, 0, 0, 0, 0, 0, 0} >= 15 named "15 Energy, 2 Roll Limit, 1 Items"
output [highest 1 of 2d{10, 9, 8, 7, 6, 5, 4, 3, 2, 1, 0, 0, 0, 0, 0, 0, 0, 0, 0, 0}] + 2d{10, 9, 8, 7, 6, 5, 4, 3, 2, 1, 0, 0, 0, 0, 0, 0, 0, 0, 0, 0} >= 15 named "15 Energy, 3 Roll Limit, 1 Items"
output [highest 2 of 4d{10, 9, 8, 7, 6, 5, 4, 3, 2, 1, 0, 0, 0, 0, 0, 0, 0, 0, 0, 0}] + 2d{10, 9, 8, 7, 6, 5, 4, 3, 2, 1, 0, 0, 0, 0, 0, 0, 0, 0, 0, 0} >= 15 named "15 Energy, 4 Roll Limit, 2 Items"
output [highest 3 of 6d{10, 9, 8, 7, 6, 5, 4, 3, 2, 1, 0, 0, 0, 0, 0, 0, 0, 0, 0, 0}] + 3d{10, 9, 8, 7, 6, 5, 4, 3, 2, 1, 0, 0, 0, 0, 0, 0, 0, 0, 0, 0} >= 15 named "15 Energy, 6 Roll Limit, 3 Items"

output [highest 1 of 2d{10, 9, 8, 7, 6, 5, 4, 3, 2, 1, 0, 0, 0, 0, 0, 0, 0, 0, 0, 0}] + 1d{10, 9, 8, 7, 6, 5, 4, 3, 2, 1, 0, 0, 0, 0, 0, 0, 0, 0, 0, 0} >= 30 named "30 Energy, 2 Roll Limit, 1 Items"
output [highest 1 of 2d{10, 9, 8, 7, 6, 5, 4, 3, 2, 1, 0, 0, 0, 0, 0, 0, 0, 0, 0, 0}] + 2d{10, 9, 8, 7, 6, 5, 4, 3, 2, 1, 0, 0, 0, 0, 0, 0, 0, 0, 0, 0} >= 30 named "30 Energy, 3 Roll Limit, 1 Items"
output [highest 2 of 4d{10, 9, 8, 7, 6, 5, 4, 3, 2, 1, 0, 0, 0, 0, 0, 0, 0, 0, 0, 0}] + 2d{10, 9, 8, 7, 6, 5, 4, 3, 2, 1, 0, 0, 0, 0, 0, 0, 0, 0, 0, 0} >= 30 named "30 Energy, 4 Roll Limit, 2 Items"
output [highest 3 of 6d{10, 9, 8, 7, 6, 5, 4, 3, 2, 1, 0, 0, 0, 0, 0, 0, 0, 0, 0, 0}] + 3d{10, 9, 8, 7, 6, 5, 4, 3, 2, 1, 0, 0, 0, 0, 0, 0, 0, 0, 0, 0} >= 30 named "30 Energy, 6 Roll Limit, 3 Items"